0.8421 0.236
0.8333 0.277
0.7895 0.287
0.8390 0.239
0.8947 0.286
0.8000 0.418
0.8947 0.179
0.8947 0.260
0.8889 0.333
0.8922 0.390
0.8000 0.199
0.7500 0.450
0.8636 0.336
0.7500 0.282
0.7619 0.390
0.9000 0.343
0.9048 0.160
0.7727 0.089
0.8947 0.462
0.8095 0.174
0.8000 0.335
0.7971 0.215
0.8500 0.155
0.8571 0.162
0.8095 0.254
0.8000 0.178
0.8947 0.395
0.8421 0.274
0.9444 0.309
0.8500 0.198
0.7895 0.176
0.9000 0.168
0.8571 0.170
0.9500 0.341
0.9500 0.405
0.9500 0.509
0.8000 0.607
0.8095 0.568
0.8571 0.506
0.6957 0.426
0.9000 0.461
0.8095 0.298
0.8095 0.191
0.9500 0.348
0.9500 0.206
0.8947 0.444
0.9000 0.274
0.7619 0.239
0.8000 0.367
0.8042 0.394
0.7500 0.327
0.8500 0.192
0.7619 0.286
0.8500 0.496
0.8889 0.324
0.8947 0.298
0.8000 0.480
0.8947 0.365
0.7895 0.414
0.7619 0.464
0.8421 0.357
0.8918 0.460
0.8856 0.373
0.8889 0.500
0.8824 0.439
0.8947 0.424
0.9500 0.326
0.8546 0.481
0.9024 0.294
0.7143 0.359
0.7619 0.362
0.7619 0.482
0.7727 0.357
0.8095 0.250
0.8095 0.316
0.8095 0.417
0.8095 0.562
0.7619 0.371
0.8947 0.408
0.7971 0.421
0.8500 0.426
0.8421 0.494
0.7500 0.366
0.8421 0.361
0.8390 0.295
0.9446 0.417
0.8500 0.478
