0.8947 0.300
0.8889 0.389
0.7895 0.297
0.9474 0.186
0.8947 0.329
0.8500 0.371
0.8918 0.261
0.8947 0.259
0.9444 0.258
0.8447 0.308
0.8000 0.250
0.8500 0.274
0.9004 0.282
0.8000 0.481
0.8571 0.297
0.9500 0.179
0.9524 0.125
0.8182 0.114
0.9375 0.333
0.8521 0.148
0.9350 0.345
0.8974 0.136
0.9952 0.135
0.7619 0.148
0.8095 0.179
0.8500 0.150
0.8947 0.227
0.8947 0.242
0.7778 0.285
0.8500 0.099
0.9474 0.142
0.8000 0.167
0.8571 0.160
0.9500 0.282
0.9000 0.393
0.8950 0.356
0.9475 0.404
0.8095 0.406
0.8571 0.372
0.7391 0.440
0.9475 0.435
0.9524 0.298
0.8095 0.249
0.9350 0.269
0.8500 0.244
0.8947 0.283
0.9000 0.138
0.7535 0.114
0.8000 0.359
0.7989 0.244
0.8500 0.246
0.8000 0.320
0.7619 0.328
0.8500 0.356
0.9444 0.187
0.8421 0.306
0.8000 0.341
0.8947 0.460
0.7895 0.484
0.8095 0.347
0.8421 0.415
0.8421 0.366
0.8856 0.336
0.8333 0.381
0.9412 0.401
0.8947 0.314
0.8000 0.296
0.8095 0.456
0.8095 0.222
0.8095 0.246
0.7619 0.293
0.8571 0.227
0.8182 0.377
0.8571 0.250
0.9048 0.349
0.9048 0.332
0.8095 0.518
0.8095 0.359
0.8947 0.281
0.8500 0.427
0.8500 0.400
0.8421 0.363
0.7500 0.356
0.8421 0.440
0.8947 0.331
0.9474 0.297
0.8500 0.477
