0.9474
1.0000
0.9446
0.9474
0.9474
1.0000
0.9418
0.9974
1.0000
1.0000
0.9905
0.9952
0.9091
0.9500
1.0000
1.0000
1.0000
0.9026
1.0000
0.9524
0.9000
1.0000
1.0000
0.9524
0.9524
0.9000
0.8947
0.9446
0.9414
0.9500
0.9974
1.0000
0.9524
1.0000
0.9500
1.0000
0.9452
0.0000
0.0000
0.0000
0.0000
0.0000
0.0000
0.0000
0.0000
0.0000
0.0000
0.0000
0.0000
0.0000
0.0000
0.9475
0.8095
0.9500
1.0000
0.9474
0.9000
0.8947
0.8918
0.8571
0.9474
0.9974
0.9353
0.8889
0.9377
0.8947
1.0000
1.0000
1.0000
0.8571
0.9048
1.0000
0.9525
0.8571
0.9524
0.9048
0.9524
0.9048
0.9474
0.8000
0.8000
0.9474
0.9500
0.8947
0.9474
0.9474
0.8974
