0.9474 0.185
1.0000 0.262
0.9446 0.071
0.9474 0.150
0.9474 0.208
1.0000 0.232
0.9418 0.190
0.9974 0.258
1.0000 0.107
1.0000 0.225
0.9905 0.184
0.9952 0.410
0.9091 0.223
0.9500 0.238
1.0000 0.261
1.0000 0.107
1.0000 0.080
0.9026 0.120
1.0000 0.051
0.9524 0.115
0.9000 0.204
1.0000 0.179
1.0000 0.051
0.9524 0.070
0.9524 0.123
0.9000 0.076
0.8947 0.154
0.9446 0.071
0.9414 0.262
0.9500 0.075
0.9974 0.126
1.0000 0.105
0.9524 0.171
1.0000 0.286
0.9500 0.314
1.0000 0.206
0.9452 0.310
0.0000 0.334
0.0000 0.254
0.0000 0.287
0.0000 0.335
0.0000 0.222
0.0000 0.162
0.0000 0.291
0.0000 0.077
0.0000 0.161
0.0000 0.271
0.0000 0.122
0.0000 0.188
0.0000 0.148
0.0000 0.266
0.9475 0.248
0.8095 0.229
0.9500 0.472
1.0000 0.202
0.9474 0.190
0.9000 0.284
0.8947 0.268
0.8918 0.162
0.8571 0.283
0.9474 0.198
0.9974 0.329
0.9353 0.164
0.8889 0.240
0.9377 0.301
0.8947 0.236
1.0000 0.202
1.0000 0.278
1.0000 0.117
0.8571 0.159
0.9048 0.199
1.0000 0.203
0.9525 0.109
0.8571 0.238
0.9524 0.248
0.9048 0.183
0.9524 0.324
0.9048 0.372
0.9474 0.305
0.8000 0.339
0.8000 0.272
0.9474 0.223
0.9500 0.239
0.8947 0.261
0.9474 0.213
0.9474 0.200
0.8974 0.321
