0.9474 0.250
1.0000 0.210
0.9446 0.207
1.0000 0.175
1.0000 0.265
1.0000 0.280
0.9868 0.071
0.9871 0.192
0.9444 0.113
1.0000 0.286
0.9500 0.223
0.9976 0.269
0.9091 0.184
0.9955 0.143
1.0000 0.190
1.0000 0.143
1.0000 0.077
0.9483 0.108
1.0000 0.477
0.9524 0.119
0.9500 0.163
0.9500 0.138
0.9976 0.077
0.9524 0.048
0.9524 0.147
0.9000 0.059
0.8947 0.135
1.0000 0.154
0.8889 0.193
1.0000 0.138
1.0000 0.147
0.9000 0.131
0.9524 0.107
1.0000 0.212
1.0000 0.253
1.0000 0.244
0.9929 0.357
0.9524 0.276
0.9024 0.406
0.9565 0.324
0.9500 0.346
0.9524 0.229
0.9048 0.295
1.0000 0.174
0.9475 0.148
0.9947 0.207
0.9500 0.155
0.8571 0.162
0.9952 0.194
0.9524 0.107
1.0000 0.208
0.9976 0.167
1.0000 0.159
0.9500 0.217
0.9444 0.115
0.8947 0.221
0.9500 0.254
0.9474 0.220
0.8947 0.187
0.8571 0.295
0.8947 0.232
0.9391 0.342
0.8889 0.192
1.0000 0.286
0.9377 0.318
0.8947 0.197
0.9500 0.213
0.9524 0.248
1.0000 0.100
0.9524 0.246
0.9524 0.200
0.9524 0.135
0.9091 0.210
0.9048 0.202
1.0000 0.142
0.9524 0.306
0.9501 0.221
0.9048 0.288
0.9474 0.320
0.9000 0.344
0.9929 0.303
1.0000 0.248
1.0000 0.279
0.8947 0.238
1.0000 0.295
0.9474 0.190
0.8500 0.340
