0.9474 0.268
1.0000 0.147
0.9446 0.143
0.9474 0.195
1.0000 0.157
1.0000 0.204
0.9788 0.110
0.9974 0.206
0.9444 0.143
1.0000 0.148
0.9452 0.192
0.9952 0.462
0.9069 0.184
0.9500 0.286
0.9524 0.192
1.0000 0.143
1.0000 0.151
0.8591 0.357
1.0000 0.410
0.9524 0.095
1.0000 0.222
0.9500 0.133
1.0000 0.103
1.0000 0.075
0.9524 0.103
0.8974 0.077
0.8947 0.105
0.9446 0.099
0.8856 0.238
1.0000 0.143
0.9974 0.127
0.9500 0.103
0.9524 0.154
1.0000 0.264
0.9500 0.299
1.0000 0.211
0.9500 0.314
0.9501 0.331
0.8095 0.378
0.9565 0.365
0.9500 0.253
0.9524 0.226
0.9048 0.239
1.0000 0.202
0.9881 0.181
1.0000 0.172
0.9500 0.265
0.9048 0.212
0.9929 0.188
0.9048 0.143
1.0000 0.208
0.9952 0.167
0.9524 0.242
0.9500 0.228
0.9444 0.167
1.0000 0.204
0.8500 0.333
0.8947 0.240
0.8947 0.183
0.9048 0.295
0.9474 0.183
0.9947 0.412
0.8889 0.191
0.8889 0.373
0.9412 0.309
0.9474 0.283
1.0000 0.223
0.9048 0.303
1.0000 0.144
0.9524 0.206
0.9048 0.175
1.0000 0.223
0.8636 0.205
0.8571 0.221
0.9524 0.266
0.9524 0.237
0.9501 0.160
0.8571 0.316
0.9446 0.329
0.8500 0.333
0.8500 0.237
0.9474 0.280
1.0000 0.279
0.8947 0.251
1.0000 0.230
0.9474 0.150
0.9000 0.314
