0 2064.002 665.00134 2196.0017 896.0004
0 530.99963 530.0003 774.9998 780.0009
0 2523.999 586.00055 2665.999 778.00055
0 836.99884 582.0008 973.9989 734.00085
0 -0.00018954277 622.99963 76.99987 716.9995
0 2079.998 753.9988 2371.998 1036.9998
0 1318.9983 823.9996 1634.9985 974.99963
0 1468.0013 596.99915 1780.0013 871.9995
0 840.0 1980.0002 1502.999 2157.0
0 2168.0 780.9998 2536.0 1048.9996
0 391.99875 597.00024 679.9988 831.99963
0 2247.9993 914.99976 2662.0012 1274.0004
0 1.0001278 714.99884 213.99994 988.9992
0 2025.001 1057.0002 2562.0022 1474.0012
0 126.99994 640.00037 413.99997 919.00116
0 1366.0013 882.00146 1762.0012 1250.0006
0 1172.999 987.9992 1650.0 1378.0002
0 2205.9993 1353.0001 2859.9976 1851.0011
0 2246.999 1657.9988 3101.9983 2151.9993
0 992.0025 1329.9994 1694.0007 1856.9984
