2 0.339583 0.13588 0.0270833 0.0328704
2 0.314714 0.0138889 0.0205729 0.0240741
2 0.386328 0.123843 0.0278646 0.0412037
2 0.347135 0.0180556 0.0145833 0.0212963
2 0.298307 0.102546 0.0242187 0.0449074
2 0.342839 0.163657 0.0294271 0.0365741
2 0.351042 0.0525463 0.0166667 0.025463
2 0.240104 0.159954 0.0307292 0.0560185
2 0.347266 0.224769 0.0372396 0.0773148
2 0.230859 0.413426 0.0679687 0.134259
2 0.938411 0.479861 0.110677 0.148611
2 0.435677 0.236343 0.0421875 0.0662037
2 0.404687 0.164583 0.0291667 0.0476852
2 0.292578 0.202083 0.0315104 0.0634259
2 0.34375 0.297685 0.0421875 0.0990741
2 0.269401 0.281019 0.0398437 0.0759259
2 0.486719 0.457639 0.0671875 0.168981
2 0.485938 0.620139 0.0723958 0.193056
2 0.330729 0.497222 0.0645833 0.136111
2 0.158073 0.634722 0.115104 0.20463
