2 0.367708 0.0912037 0.0510417 0.0805556
2 0.438932 0.0405093 0.0294271 0.075463
2 0.530078 0.0298611 0.0518229 0.0541667
2 0.383594 0.0962963 0.040625 0.0472222
2 0.996354 0.222685 0.00729167 0.087963
2 0.716927 0.629861 0.169792 0.268056
2 0.278776 0.0219907 0.0247396 0.0439815
2 0.375911 0.138889 0.0606771 0.0777778
2 0.847917 0.0784722 0.0598958 0.0893519
2 0.627344 0.0768519 0.0588542 0.0805556
2 0.841406 0.187269 0.0739583 0.0800926
2 0.376432 0.195602 0.0617188 0.100463
2 0.0738281 0.554861 0.145052 0.198611
2 0.726042 0.253935 0.0828125 0.122685
2 0.626693 0.397454 0.107031 0.156944
2 0.099349 0.895139 0.198698 0.209722
2 0.283724 0.345139 0.0950521 0.141204
2 0.919271 0.169907 0.0661458 0.0888889
2 0.477604 0.743056 0.166146 0.244444
2 0.802995 0.87963 0.210677 0.232407
