2 0.192969 0.075463 0.0541667 0.116667
2 0.376302 0.215741 0.0984375 0.183333
2 0.760547 0.018287 0.0278646 0.0347222
2 0.78776 0.0344907 0.05 0.0680556
2 0.348698 0.0351852 0.0520833 0.0703704
2 0.128646 0.131481 0.0692708 0.110185
2 0.484115 0.0168981 0.0421875 0.0328704
2 0.0457031 0.20463 0.0903646 0.111111
2 0.622266 0.0743056 0.0471354 0.0782407
2 0.848958 0.182639 0.160417 0.103241
2 0.598958 0.124537 0.0635417 0.0981481
2 0.872005 0.285185 0.104948 0.14537
2 0.476953 0.48287 0.139323 0.233333
2 0.261458 0.470833 0.135937 0.206481
2 0.84388 0.79838 0.202865 0.335648
