2 0.371745 0.133333 0.0591146 0.062963
2 0.249089 0.0895833 0.0445312 0.0671296
2 0.316276 0.0831019 0.0382813 0.0578704
2 0.378776 0.104167 0.0554687 0.0555556
2 0.870052 0.068287 0.05625 0.0828704
2 0.926953 0.153472 0.0690104 0.1125
2 0.573958 0.215046 0.0796875 0.1125
2 0.528255 0.055787 0.0497396 0.0717593
2 0.231641 0.133333 0.0565104 0.0842593
2 0.630339 0.128935 0.0622396 0.0893519
2 0.380339 0.18588 0.0752604 0.116204
2 0.574219 0.287037 0.0765625 0.123148
2 0.611328 0.381481 0.0893229 0.15463
2 0.289062 0.342824 0.108854 0.171759
2 0.810677 0.15162 0.0671875 0.106019
2 0.696484 0.234259 0.0799479 0.132407
2 0.654167 0.427315 0.104167 0.182407
2 0.661849 0.713889 0.17474 0.242593
2 0.962891 0.278935 0.0742188 0.124537
2 0.866276 0.555093 0.14401 0.206481
