2 0.120052 0.0189815 0.0526042 0.037963
2 0.0550781 0.181019 0.0653646 0.062963
2 0.276302 0.0400463 0.0484375 0.0652778
2 0.196354 0.16713 0.0604167 0.105556
2 0.496094 0.0111111 0.0328125 0.0222222
2 0.788281 0.0337963 0.0510417 0.0657407
2 0.375391 0.0166667 0.0408854 0.0333333
2 0.125 0.139583 0.0625 0.0912037
2 0.0536458 0.241435 0.106771 0.126389
2 0.530859 0.0261574 0.0414063 0.0523148
2 0.634115 0.0351852 0.046875 0.0648148
2 0.461589 0.075 0.0523437 0.0814815
2 0.251432 0.504167 0.163281 0.274074
2 0.750781 0.887731 0.226042 0.218981
2 0.658984 0.321759 0.0992187 0.159259
2 0.707292 0.545602 0.151562 0.256019
