2 0.375 0.119444 0.0546875 0.0481481
2 0.438021 0.037037 0.0239583 0.062963
2 0.378516 0.044213 0.0492188 0.0634259
2 0.384635 0.0902778 0.040625 0.0546296
2 0.345964 0.104398 0.0523437 0.0717593
2 0.386198 0.175 0.0645833 0.0898148
2 0.408203 0.339815 0.0950521 0.158333
2 0.777474 0.037963 0.0617188 0.0731481
2 0.619661 0.0641204 0.0580729 0.0976852
2 0.384896 0.288194 0.0755208 0.119907
2 0.368099 0.231019 0.0627604 0.108333
2 0.555339 0.221991 0.0601562 0.0967593
2 0.69375 0.495833 0.138542 0.217593
2 0.814453 0.131019 0.0627604 0.0916667
2 0.588672 0.259954 0.0809896 0.118056
2 0.176693 0.2875 0.0768229 0.114815
2 0.20612 0.645139 0.154427 0.225463
2 0.939323 0.263889 0.0875 0.122222
