2 0.60026 0.28912 0.130729 0.3375
2 0.527344 0.0185185 0.0296875 0.037037
2 0.698047 0.0597222 0.0565104 0.0527778
2 0.480339 0.0375 0.0736979 0.075
2 0.71263 0.0136574 0.0320312 0.0273148
2 0.68099 0.166435 0.0520833 0.105093
2 0.755078 0.0319444 0.0596354 0.0638889
2 0.683203 0.247454 0.0466146 0.133796
2 0.688151 0.119907 0.0882813 0.134259
2 0.480599 0.105093 0.0752604 0.121296
2 0.190365 0.349537 0.121354 0.185185
2 0.754167 0.421528 0.141667 0.226389
2 0.139323 0.446759 0.143229 0.206481
2 0.565755 0.734259 0.21276 0.32963
