2 0.336198 0.0087963 0.0369792 0.0175926
2 0.383464 0.012037 0.0460938 0.0231481
2 0.784766 0.0337963 0.0466146 0.0675926
2 0.729036 0.116667 0.0721354 0.119444
2 0.958724 0.161806 0.0825521 0.109722
2 0.701302 0.0157407 0.0380208 0.0314815
2 0.136198 0.205324 0.084375 0.123611
2 0.965755 0.832639 0.0679687 0.323611
2 0.745313 0.954861 0.197396 0.0856481
2 0.898047 0.305324 0.104948 0.14213
2 0.626562 0.17338 0.0734375 0.113426
2 0.755208 0.201852 0.0807292 0.118519
2 0.80612 0.402083 0.11849 0.175463
2 0.685156 0.481019 0.130729 0.218519
2 0.704167 0.740278 0.184896 0.315741
