2 0.367839 0.0761574 0.0210938 0.0291667
2 0.401693 0.138889 0.0361979 0.0787037
2 0.35599 0.0439815 0.0171875 0.0287037
2 0.238802 0.159028 0.034375 0.0569444
2 0.346615 0.175231 0.0317708 0.049537
2 0.291797 0.136343 0.0263021 0.0402778
2 0.35 0.229398 0.0354167 0.0587963
2 0.445964 0.291204 0.0481771 0.0944444
2 0.425781 0.214815 0.0390625 0.0638889
2 0.350911 0.333102 0.0434896 0.103241
2 0.0778646 0.8125 0.155729 0.277778
2 0.264323 0.336806 0.0526042 0.0875
2 0.330859 0.404398 0.0528646 0.125463
2 0.494401 0.81875 0.0893229 0.252315
2 0.320833 0.521991 0.06875 0.143981
2 0.263672 0.826157 0.126823 0.281944
