2 0.66862 0.233565 0.0700521 0.176389
2 0.455078 0.196528 0.109635 0.225463
2 0.66875 0.10787 0.071875 0.0740741
2 0.40013 0.287037 0.11901 0.203704
2 0.373828 0.16713 0.0695312 0.112963
2 0.689193 0.180324 0.100781 0.153241
2 0.933724 0.267361 0.123698 0.194907
2 0.130208 0.454167 0.145833 0.196296
2 0.39401 0.520833 0.138021 0.228704
2 0.271875 0.601852 0.189063 0.310185
2 0.791667 0.259028 0.107813 0.15787
2 0.655078 0.414352 0.12526 0.198148
2 0.613672 0.340278 0.122135 0.169444
2 0.221484 0.339583 0.140365 0.225463
2 0.064974 0.573148 0.128906 0.240741
2 0.521615 0.745139 0.225 0.369907
2 0.910286 0.718287 0.179427 0.293981
