2 0.348177 0.287037 0.0401042 0.0962963
2 0.292969 0.0916667 0.021875 0.037037
2 0.238932 0.159722 0.0341146 0.0564815
2 0.404036 0.167824 0.0294271 0.0523148
2 0.422656 0.217361 0.0369792 0.0597222
2 0.34362 0.188194 0.0325521 0.0671296
2 0.438932 0.277546 0.0367187 0.075463
2 0.291797 0.166667 0.0289063 0.0518519
2 0.278776 0.271296 0.0388021 0.0694444
2 0.279297 0.670833 0.101823 0.222222
2 0.333203 0.431713 0.0622396 0.122685
2 0.125391 0.671759 0.129948 0.237037
2 0.486198 0.696296 0.1 0.258333
2 0.497917 0.476852 0.0625 0.148148
2 0.880078 0.603935 0.11901 0.200463
