2 0.761849 0.019213 0.0226563 0.0365741
2 0.788281 0.0337963 0.0526042 0.0666667
2 0.965495 0.15787 0.0690104 0.0953704
2 0.015625 0.359954 0.0307292 0.111574
2 0.626432 0.0803241 0.0559896 0.0800926
2 0.642839 0.156944 0.0653646 0.1
2 0.486849 0.0240741 0.0434896 0.0481481
2 0.725391 0.0710648 0.0528646 0.0791667
2 0.638411 0.260185 0.0861979 0.141667
2 0.923698 0.658102 0.151562 0.393981
2 0.873828 0.22037 0.0861979 0.12037
2 0.601562 0.3375 0.108333 0.193519
2 0.697786 0.583102 0.15651 0.252315
