2 0.327214 0.0699074 0.0190104 0.0287037
2 0.371354 0.0805556 0.0223958 0.0361111
2 0.292448 0.087037 0.0223958 0.0444444
2 0.378516 0.104861 0.0273438 0.0449074
2 0.238411 0.158796 0.0325521 0.0555556
2 0.294792 0.134722 0.0244792 0.0425926
2 0.334115 0.112269 0.025 0.0467593
2 0.429688 0.207639 0.0369792 0.075463
2 0.45638 0.270139 0.0497396 0.099537
2 0.330078 0.362269 0.0559896 0.124537
2 0.404167 0.161343 0.0307292 0.0513889
2 0.339583 0.175463 0.03125 0.0518519
2 0.292839 0.190509 0.0320312 0.0587963
2 0.478516 0.417824 0.0513021 0.11713
2 0.494401 0.558796 0.0710938 0.162037
2 0.485547 0.787037 0.0960938 0.257407
2 0.835286 0.6625 0.130469 0.212963
