2 0.839453 0.19213 0.0830729 0.164815
2 0.950911 0.173843 0.0393229 0.0699074
2 0.0848958 0.0502315 0.0598958 0.049537
2 0.0511719 0.130324 0.0502604 0.0634259
2 0.378646 0.00787037 0.0359375 0.0157407
2 0.717839 0.112037 0.0617188 0.0666667
2 0.788802 0.0337963 0.0520833 0.0675926
2 0.735286 0.0842593 0.0783854 0.0944444
2 0.720703 0.163194 0.0684896 0.106944
2 0.336849 0.0386574 0.0481771 0.0652778
2 0.467318 0.050463 0.0565104 0.0953704
2 0.827604 0.368287 0.132292 0.249537
2 0.583464 0.199306 0.0794271 0.124537
2 0.303125 0.379861 0.142188 0.253241
2 0.661458 0.482639 0.147396 0.28287
2 0.391146 0.22963 0.0911458 0.126852
2 0.412109 0.711111 0.182552 0.308333
