2 0.228776 0.309491 0.0190104 0.140278
2 0.436458 0.0259259 0.025 0.05
2 0.771875 0.0284722 0.05625 0.0550926
2 0.758854 0.321065 0.108333 0.170833
2 0.952474 0.0576389 0.0440104 0.0569444
2 0.385938 0.0393519 0.0375 0.0555556
2 0.559505 0.207176 0.0783854 0.131944
2 0.986328 0.215741 0.0268229 0.10463
2 0.340104 0.0229167 0.0348958 0.0449074
2 0.915104 0.136574 0.06875 0.0907407
2 0.785156 0.126389 0.0614583 0.0944444
2 0.429818 0.40787 0.108073 0.150926
2 0.104297 0.538426 0.145573 0.193519
2 0.502474 0.85463 0.184115 0.267593
2 0.792969 0.856944 0.204688 0.274074
