2 0.509896 0.00856481 0.0661458 0.0162037
2 0.817708 0.0381944 0.0494792 0.0763889
2 0.964583 0.48287 0.0708333 0.210185
2 0.720182 0.0263889 0.0226563 0.0462963
2 0.780208 0.0805556 0.0744792 0.127778
2 0.983854 0.851157 0.0322917 0.256019
2 0.663672 0.0467593 0.0716146 0.0712963
2 0.601042 0.427315 0.141667 0.20463
2 0.205208 0.331019 0.107292 0.2
2 0.637109 0.344213 0.12526 0.184722
2 0.153776 0.403009 0.154427 0.238426
2 0.415755 0.290741 0.114323 0.156481
2 0.452995 0.815741 0.222135 0.35463
2 0.117839 0.488657 0.151302 0.221759
2 0.069401 0.816667 0.138281 0.323148
