2 0.139844 0.0136574 0.0390625 0.0273148
2 0.790104 0.0273148 0.0489583 0.0537037
2 0.65638 0.0159722 0.0356771 0.0319444
2 0.692448 0.0652778 0.0604167 0.0907407
2 0.502734 0.0131944 0.0388021 0.0263889
2 0.553385 0.101852 0.0625 0.0675926
2 0.699479 0.141204 0.0697917 0.137963
2 0.79401 0.0907407 0.0744792 0.1
2 0.550781 0.165509 0.0765625 0.121759
2 0.964974 0.126157 0.0700521 0.0930556
2 0.86862 0.202546 0.0809896 0.115278
2 0.566797 0.53287 0.136198 0.230556
2 0.151693 0.734028 0.210156 0.316204
