2 0.567708 0.0365741 0.0526042 0.0675926
2 0.0846354 0.275463 0.153125 0.278704
2 0.339583 0.0891204 0.109375 0.178241
2 0.0427083 0.786574 0.0854167 0.384259
2 0.601302 0.0710648 0.0895833 0.13287
2 0.208203 0.0407407 0.0783854 0.0796296
2 0.51276 0.156944 0.127083 0.162037
2 0.876953 0.0981481 0.10599 0.146296
2 0.527604 0.281019 0.146354 0.207407
2 0.667448 0.162269 0.125 0.208796
2 0.476693 0.400463 0.154427 0.255556
2 0.886458 0.306713 0.145833 0.213426
2 0.715104 0.684259 0.218229 0.347222
