2 0.180208 0.283796 0.09375 0.161111
2 0.835547 0.0196759 0.0476562 0.0384259
2 0.550391 0.126157 0.0580729 0.0782407
2 0.525781 0.0236111 0.0536458 0.0462963
2 0.432943 0.0324074 0.0299479 0.0518519
2 0.961719 0.0611111 0.0416667 0.0407407
2 0.538411 0.182639 0.0414063 0.101389
2 0.958464 0.682639 0.0830729 0.311574
2 0.780078 0.06875 0.0611979 0.0856481
2 0.383073 0.074537 0.0489583 0.0851852
2 0.213281 0.134954 0.0578125 0.0856481
2 0.429167 0.457176 0.117188 0.175463
2 0.810286 0.131019 0.0632813 0.10463
2 0.575781 0.645139 0.170833 0.274537
2 0.784375 0.857407 0.217708 0.278704
