2 0.0394531 0.617824 0.0309896 0.0337963
2 0.161068 0.562732 0.0434896 0.0263889
2 0.542578 0.50463 0.0179687 0.0268519
2 0.0108073 0.631019 0.0210938 0.0361111
2 0.0505208 0.613889 0.0401042 0.0351852
2 0.202214 0.559259 0.0492188 0.0361111
2 0.0265625 0.621759 0.0479167 0.0351852
2 0.526302 0.516435 0.015625 0.024537
2 0.548828 0.54537 0.0190104 0.0240741
2 0.447266 0.568981 0.0216146 0.0324074
2 0.405208 0.886574 0.0817708 0.167593
2 0.573958 0.8 0.0661458 0.102778
2 0.136979 0.878241 0.0796875 0.137963
