2 0.475521 0.774306 0.190104 0.321759
2 0.516667 0.0291667 0.0536458 0.0574074
2 0.636719 0.0763889 0.0583333 0.0935185
2 0.299089 0.0233796 0.0346354 0.0449074
2 0.388672 0.0854167 0.0320312 0.0689815
2 0.763932 0.0270833 0.0513021 0.0532407
2 0.625781 0.355787 0.122396 0.202315
2 0.299219 0.470139 0.121354 0.193056
2 0.580339 0.253009 0.0778646 0.105093
2 0.56849 0.220602 0.0682292 0.103241
2 0.361328 0.0928241 0.0502604 0.0819444
2 0.899609 0.120602 0.0638021 0.0828704
2 0.679557 0.48588 0.128385 0.2125
2 0.22513 0.719444 0.163281 0.236111
2 0.113411 0.448611 0.115885 0.165741
2 0.513281 0.549769 0.147396 0.1875
2 0.376042 0.293519 0.0875 0.117593
2 0.0619792 0.620833 0.123958 0.187037
2 0.832552 0.182639 0.0708333 0.0967593
2 0.794661 0.378241 0.107031 0.155556
2 0.724479 0.656944 0.156771 0.222222
