2 0.673568 0.0456019 0.0632813 0.0884259
2 0.82487 0.413657 0.172135 0.364352
2 0.664583 0.123843 0.071875 0.125463
2 0.655859 0.0726852 0.0721354 0.100926
2 0.685417 0.175694 0.104167 0.170833
2 0.778646 0.271065 0.0875 0.1375
2 0.853125 0.0840278 0.075 0.102315
2 0.788281 0.138657 0.0817708 0.113426
2 0.952604 0.402315 0.0947917 0.193519
2 0.599609 0.266667 0.0908854 0.147222
2 0.500781 0.852778 0.254167 0.287963
2 0.846354 0.710648 0.223958 0.365741
2 0.644401 0.303009 0.120573 0.18287
2 0.360547 0.519444 0.164323 0.223148
2 0.266536 0.763194 0.215885 0.288426
