2 0.920443 0.974537 0.159115 0.0509259
2 0.113672 0.374769 0.14974 0.121759
2 0.778125 0.0206019 0.0270833 0.0412037
2 0.805078 0.158565 0.0815104 0.0884259
2 0.655599 0.0324074 0.0575521 0.0648148
2 0.670182 0.074537 0.0393229 0.12963
2 0.271484 0.761806 0.21901 0.326389
2 0.79401 0.233102 0.102604 0.165278
2 0.446484 0.188657 0.0914062 0.133796
2 0.30625 0.166898 0.0989583 0.148611
2 0.390885 0.0284722 0.0651042 0.0569444
2 0.104948 0.494907 0.157813 0.241667
2 0.418229 0.267824 0.110937 0.188426
2 0.657292 0.302083 0.127604 0.214352
2 0.584635 0.607639 0.183333 0.249537
2 0.845182 0.830556 0.209635 0.294444
