2 0.666797 0.126852 0.0815104 0.0740741
2 0.661198 0.0712963 0.0713542 0.0981481
2 0.680339 0.10625 0.0632813 0.0662037
2 0.277865 0.619213 0.176042 0.359722
2 0.384375 0.0252315 0.0765625 0.050463
2 0.658724 0.269444 0.0934896 0.177778
2 0.472266 0.0925926 0.0825521 0.132407
2 0.801823 0.499306 0.160938 0.220833
2 0.894792 0.157176 0.0911458 0.131019
2 0.35625 0.139352 0.084375 0.126852
2 0.817057 0.363194 0.134635 0.178241
2 0.559635 0.343519 0.135937 0.225
2 0.568359 0.575231 0.164323 0.24213
2 0.86237 0.843287 0.227344 0.306019
