2 0.735286 0.163657 0.0346354 0.0513889
2 0.78763 0.588194 0.0773437 0.168981
2 0.777865 0.21713 0.0463542 0.0490741
2 0.689062 0.147685 0.0390625 0.0657407
2 0.714714 0.200463 0.0429688 0.062037
2 0.711458 0.241667 0.0484375 0.0787037
2 0.654688 0.576389 0.105729 0.193519
2 0.527995 0.95 0.171094 0.1
2 0.688151 0.50463 0.0830729 0.124074
2 0.772266 0.271991 0.0580729 0.0958333
2 0.638411 0.270833 0.0528646 0.0740741
2 0.573047 0.891435 0.161719 0.206019
2 0.499479 0.561574 0.132292 0.175926
2 0.492448 0.744213 0.135417 0.221759
2 0.594792 0.438889 0.116146 0.111111
