2 0.78763 0.0319444 0.0539063 0.0601852
2 0.976693 0.120833 0.0466146 0.0990741
2 0.124479 0.137963 0.0604167 0.116667
2 0.0658854 0.774074 0.130208 0.428704
2 0.111849 0.0236111 0.0408854 0.0425926
2 0.809245 0.105093 0.102344 0.105556
2 0.726042 0.0458333 0.0427083 0.0685185
2 0.745313 0.080787 0.05 0.0763889
2 0.623438 0.0381944 0.046875 0.0578704
2 0.5625 0.249074 0.0817708 0.183333
2 0.95013 0.403472 0.0997396 0.174537
2 0.664714 0.0597222 0.0544271 0.0824074
2 0.415234 0.178935 0.0773437 0.113426
2 0.6875 0.709491 0.171354 0.302315
