2 0.642839 0.642361 0.0846354 0.0439815
2 0.718359 0.231019 0.0544271 0.087037
2 0.569401 0.307176 0.0945313 0.0837963
2 0.673437 0.359028 0.0703125 0.114352
2 0.777865 0.26412 0.0588542 0.099537
2 0.576693 0.96713 0.13776 0.0638889
2 0.686328 0.416898 0.0690104 0.111574
2 0.707161 0.292824 0.0565104 0.0819444
2 0.791927 0.308796 0.0567708 0.087963
2 0.650391 0.581713 0.102344 0.1625
2 0.797526 0.846991 0.157031 0.243981
2 0.312891 0.940046 0.169531 0.11713
2 0.665755 0.498611 0.0856771 0.127778
2 0.484635 0.559491 0.0947917 0.147685
2 0.795573 0.440278 0.0796875 0.124074
2 0.645833 0.762731 0.141146 0.228241
2 0.432422 0.741435 0.129948 0.201389
