2 0.543099 0.109722 0.0653646 0.102778
2 0.441927 0.43588 0.100521 0.164352
2 0.254948 0.0393519 0.0453125 0.0574074
2 0.385677 0.0668981 0.0463542 0.0791667
2 0.320703 0.0534722 0.0429688 0.0625
2 0.256641 0.0969907 0.0476562 0.0689815
2 0.40599 0.308333 0.0984375 0.156481
2 0.627214 0.0520833 0.0580729 0.100463
2 0.875521 0.934722 0.246875 0.124074
2 0.366406 0.15 0.0598958 0.0851852
2 0.844141 0.452315 0.133073 0.174074
2 0.63112 0.419907 0.11849 0.15463
2 0.946224 0.68912 0.107031 0.2375
2 0.963411 0.271528 0.0731771 0.1375
2 0.710938 0.59375 0.150521 0.213426
