2 0.322266 0.0118056 0.0263021 0.0236111
2 0.260156 0.0733796 0.0421875 0.049537
2 0.235547 0.0483796 0.0372396 0.0486111
2 0.641146 0.117361 0.0614583 0.099537
2 0.389974 0.12338 0.0450521 0.0717593
2 0.265755 0.101852 0.0450521 0.062037
2 0.665104 0.273611 0.0880208 0.151852
2 0.545833 0.18912 0.0552083 0.0912037
2 0.499089 0.570833 0.145052 0.278704
2 0.449219 0.722222 0.164062 0.242593
2 0.588542 0.231019 0.0770833 0.138889
2 0.565104 0.479167 0.110417 0.167593
2 0.533203 0.364352 0.101823 0.135185
2 0.372917 0.145833 0.0526042 0.0796296
2 0.222266 0.146528 0.0611979 0.0958333
2 0.752734 0.337731 0.0929687 0.133796
2 0.28125 0.581944 0.142708 0.203704
2 0.776953 0.521991 0.148177 0.231019
2 0.240755 0.784491 0.170052 0.266204
