2 0.389062 0.140278 0.0291667 0.0462963
2 0.291016 0.0421296 0.0169271 0.025
2 0.372266 0.0803241 0.0236979 0.0375
2 0.404818 0.169907 0.0346354 0.0481481
2 0.240365 0.160648 0.0307292 0.0527778
2 0.315625 0.525 0.078125 0.188889
2 0.416016 0.2 0.0315104 0.0518519
2 0.334635 0.132639 0.025 0.0439815
2 0.341016 0.179398 0.0294271 0.0513889
2 0.440625 0.255324 0.0385417 0.0680556
2 0.350651 0.240509 0.0388021 0.0699074
2 0.261589 0.324306 0.0502604 0.106944
2 0.348698 0.32037 0.046875 0.0944444
2 0.157422 0.622685 0.0986979 0.175
2 0.240495 0.434028 0.0669271 0.13287
2 0.486719 0.456944 0.0671875 0.168519
2 0.157943 0.950926 0.120573 0.0935185
2 0.487109 0.621759 0.0757812 0.193519
2 0.841146 0.587269 0.119271 0.180093
