2 0.941146 0.0594907 0.03125 0.0458333
2 0.415365 0.0261574 0.0447917 0.049537
2 0.246224 0.0446759 0.0502604 0.0523148
2 0.619401 0.0574074 0.0601562 0.0888889
2 0.892969 0.112037 0.0640625 0.0851852
2 0.296615 0.0875 0.046875 0.0722222
2 0.263151 0.109954 0.0513021 0.0680556
2 0.252995 0.2 0.0638021 0.0944444
2 0.702865 0.594676 0.145833 0.201389
2 0.15612 0.377546 0.103385 0.153241
2 0.927083 0.609491 0.145833 0.209722
2 0.230469 0.696528 0.165625 0.244907
2 0.432161 0.801389 0.185677 0.275926
2 0.795182 0.362731 0.0992187 0.130093
