2 0.344141 0.505093 0.197656 0.372222
2 0.752214 0.0203704 0.0226563 0.0388889
2 0.835547 0.0923611 0.0518229 0.0986111
2 0.684245 0.0636574 0.0721354 0.0875
2 0.385286 0.0469907 0.0726563 0.0939815
2 0.682682 0.111574 0.0778646 0.0851852
2 0.676432 0.171065 0.0867188 0.123611
2 0.788542 0.238194 0.0895833 0.126389
2 0.542969 0.960417 0.196354 0.0726852
2 0.657943 0.223611 0.10026 0.142593
2 0.789193 0.143056 0.0835937 0.125926
2 0.474089 0.125694 0.0872396 0.13287
2 0.470573 0.419907 0.105729 0.196296
2 0.615495 0.293056 0.11276 0.156481
2 0.81224 0.297917 0.109896 0.156019
2 0.964583 0.777778 0.0703125 0.292593
2 0.151042 0.418287 0.153125 0.229167
2 0.578516 0.716435 0.201823 0.277315
