2 0.528906 0.0236111 0.0494792 0.0453704
2 0.387109 0.037963 0.0502604 0.0592593
2 0.947396 0.062037 0.0432292 0.0537037
2 0.438281 0.0416667 0.0291667 0.075
2 0.38737 0.0805556 0.0393229 0.0592593
2 0.828125 0.0252315 0.053125 0.0393519
2 0.342839 0.0247685 0.0429688 0.049537
2 0.570573 0.219676 0.0796875 0.121759
2 0.87487 0.197454 0.0856771 0.1375
2 0.31901 0.305787 0.0947917 0.14213
2 0.702083 0.253935 0.071875 0.113426
2 0.376563 0.123611 0.0552083 0.0972222
2 0.799609 0.1125 0.0591146 0.0861111
2 0.272005 0.209491 0.0716146 0.103241
2 0.597396 0.369213 0.0984375 0.136574
2 0.745052 0.308565 0.0932292 0.173611
2 0.667969 0.497917 0.125521 0.18287
2 0.269792 0.414583 0.106771 0.151389
2 0.481901 0.794907 0.19349 0.318519
