2 0.804297 0.244676 0.103906 0.146759
2 0.689714 0.130787 0.0721354 0.110648
2 0.676432 0.030787 0.0648438 0.0615741
2 0.214974 0.782407 0.230469 0.425926
2 0.766146 0.0451389 0.0723958 0.0884259
2 0.607682 0.32963 0.136719 0.234259
2 0.636328 0.226157 0.103385 0.1125
2 0.657682 0.176157 0.0877604 0.145833
2 0.359896 0.0835648 0.0838542 0.13287
2 0.728906 0.296991 0.104687 0.16713
2 0.511589 0.929398 0.261719 0.141204
2 0.825911 0.534259 0.16224 0.192593
2 0.774349 0.371759 0.146094 0.225
2 0.549479 0.719213 0.182292 0.264352
2 0.427995 0.211574 0.0976562 0.146296
2 0.441667 0.45625 0.150521 0.218056
2 0.817448 0.71088 0.215104 0.320833
