2 0.677344 0.024537 0.0442708 0.0490741
2 0.641667 0.137731 0.0713542 0.108796
2 0.583203 0.0111111 0.0367187 0.0212963
2 0.23776 0.0585648 0.0479167 0.0699074
2 0.198047 0.0993056 0.0690104 0.0819444
2 0.707292 0.0618056 0.0536458 0.0662037
2 0.61849 0.0907407 0.05625 0.0814815
2 0.631641 0.211111 0.0861979 0.121296
2 0.962109 0.112037 0.0757812 0.0546296
2 0.367057 0.0247685 0.0424479 0.0476852
2 0.787109 0.242593 0.0888021 0.12963
2 0.852995 0.37037 0.14401 0.278704
2 0.913151 0.17662 0.140365 0.099537
2 0.649609 0.369907 0.10651 0.165741
2 0.70599 0.112269 0.0572917 0.0912037
2 0.706901 0.283102 0.103385 0.179167
2 0.0147135 0.264583 0.0289063 0.0930556
2 0.511849 0.0703704 0.0518229 0.0731481
2 0.759766 0.901852 0.239844 0.192593
2 0.667057 0.560185 0.146094 0.238889
2 0.933464 0.650463 0.132552 0.280556
2 0.219661 0.648843 0.175781 0.28287
