2 0.437891 0.0416667 0.0278646 0.075
2 0.387109 0.0648148 0.0372396 0.0472222
2 0.61888 0.31875 0.0955729 0.151389
2 0.36862 0.426389 0.0210938 0.12963
2 0.385286 0.127546 0.0481771 0.101389
2 0.283073 0.0212963 0.0328125 0.0425926
2 0.589974 0.255324 0.0778646 0.120833
2 0.52487 0.860417 0.220052 0.272685
2 0.891927 0.120833 0.0635417 0.0796296
2 0.976953 0.220602 0.0455729 0.1125
2 0.242318 0.296528 0.0841146 0.118056
2 0.934505 0.180324 0.0622396 0.0921296
2 0.730208 0.265046 0.0776042 0.10787
2 0.369792 0.15162 0.0536458 0.0800926
2 0.80638 0.134954 0.0658854 0.0986111
2 0.211589 0.371759 0.0955729 0.152778
2 0.672005 0.199306 0.0747396 0.0967593
2 0.689193 0.634954 0.14401 0.21713
