0.9474 0.215
0.9444 0.327
0.7895 0.214
0.9474 0.148
0.8947 0.283
0.9000 0.172
0.9922 0.154
0.8918 0.149
0.9444 0.269
0.8922 0.259
0.8500 0.154
0.9500 0.440
0.8636 0.184
0.9000 0.258
0.9524 0.208
0.9500 0.225
0.9524 0.151
0.8636 0.086
0.9000 0.385
0.8930 0.103
0.9450 0.291
1.0000 0.143
0.9929 0.077
0.9048 0.128
0.8095 0.155
0.9000 0.097
0.8947 0.234
0.8947 0.132
0.8889 0.181
0.9500 0.073
0.9446 0.123
0.8500 0.084
0.9048 0.159
1.0000 0.324
0.9000 0.351
0.9500 0.234
0.9500 0.399
0.9935 0.402
0.8571 0.295
0.8696 0.358
0.8500 0.278
0.9048 0.374
0.8095 0.155
0.9500 0.265
0.9375 0.225
0.8889 0.142
0.9500 0.179
0.7619 0.126
0.8000 0.331
0.8571 0.202
0.8000 0.186
0.8500 0.206
0.8571 0.185
0.9000 0.472
0.9444 0.136
0.8947 0.198
0.8500 0.402
0.8421 0.391
0.9474 0.245
0.8571 0.324
0.8421 0.283
0.8947 0.326
0.8856 0.188
0.8889 0.362
0.9412 0.352
0.8947 0.330
0.8500 0.213
0.8571 0.296
0.8571 0.189
0.8095 0.214
0.8095 0.240
1.0000 0.200
0.8636 0.247
0.9048 0.056
0.9524 0.180
0.9048 0.239
0.8571 0.425
0.8095 0.468
0.8947 0.303
0.8000 0.333
0.8000 0.358
0.8947 0.268
0.9000 0.251
0.8947 0.325
0.8947 0.255
0.9474 0.248
0.9000 0.404
