0.9474 0.249
1.0000 0.212
0.9474 0.207
0.9474 0.170
0.9474 0.234
0.9500 0.129
0.9868 0.187
1.0000 0.261
0.9444 0.261
0.9475 0.269
0.9930 0.223
1.0000 0.295
0.9545 0.148
1.0000 0.250
1.0000 0.192
0.9976 0.143
1.0000 0.154
0.9421 0.086
1.0000 0.074
0.9524 0.095
1.0000 0.181
0.9976 0.067
1.0000 0.051
0.9524 0.070
0.9524 0.121
0.9500 0.095
0.9474 0.107
0.9474 0.075
0.9444 0.296
1.0000 0.095
0.9974 0.120
0.9500 0.173
0.9048 0.128
0.9500 0.246
1.0000 0.286
0.9500 0.237
0.9000 0.361
1.0000 0.314
0.9048 0.385
1.0000 0.191
0.9500 0.306
1.0000 0.186
0.9524 0.166
1.0000 0.125
0.9500 0.110
0.9474 0.079
0.9500 0.104
0.9524 0.114
0.9475 0.218
0.9048 0.184
1.0000 0.293
0.9952 0.149
1.0000 0.232
1.0000 0.232
0.9444 0.077
1.0000 0.198
0.9000 0.201
0.9418 0.114
0.8947 0.101
0.9024 0.278
1.0000 0.227
0.9474 0.335
0.9444 0.237
0.8333 0.330
0.9412 0.289
0.8947 0.269
0.9929 0.244
1.0000 0.255
0.9524 0.100
0.9978 0.195
0.9524 0.162
0.9524 0.160
0.8182 0.156
0.9048 0.267
1.0000 0.213
0.9524 0.228
0.9524 0.269
0.9048 0.333
0.9446 0.277
0.8974 0.357
0.9500 0.256
0.9418 0.230
0.9500 0.325
0.8947 0.322
1.0000 0.230
1.0000 0.150
0.9000 0.278
