0.7368 0.491
0.7778 0.634
0.6842 0.454
0.6842 0.626
0.9418 0.490
0.8500 0.470
0.8947 0.406
0.7895 0.690
0.7222 0.573
0.8000 0.455
0.7000 0.505
0.8500 0.609
0.5909 0.639
0.7000 0.436
0.6667 0.478
0.7000 0.504
0.7143 0.408
0.7273 0.490
0.8361 0.679
0.8571 0.382
0.7882 0.582
0.8000 0.420
0.8000 0.339
0.8095 0.306
0.7143 0.464
0.8500 0.366
0.8947 0.619
0.7368 0.500
0.7778 0.616
0.7500 0.555
0.8421 0.505
0.7500 0.589
0.6667 0.563
0.7469 0.686
0.8000 0.689
0.8000 0.786
0.7000 0.652
0.7619 0.574
0.8095 0.510
0.7391 0.749
0.8500 0.593
0.7619 0.572
0.7619 0.381
0.7500 0.654
0.7500 0.631
0.7895 0.541
0.8000 0.466
0.7619 0.463
0.8500 0.540
0.7143 0.561
0.8000 0.465
0.9000 0.434
0.6667 0.432
0.8500 0.529
0.7778 0.573
0.8421 0.593
0.7500 0.628
0.7895 0.519
0.8421 0.750
0.7566 0.472
0.7895 0.599
0.8390 0.572
0.7778 0.619
0.8268 0.503
0.8787 0.528
0.8947 0.663
0.8500 0.542
0.8095 0.627
0.8546 0.403
0.7591 0.424
0.7143 0.528
0.7619 0.445
0.7702 0.500
0.7591 0.396
0.8496 0.536
0.7619 0.584
0.7619 0.699
0.7143 0.677
0.8421 0.667
0.7971 0.579
0.8472 0.704
0.7862 0.595
0.8000 0.537
0.8421 0.648
0.8421 0.477
0.8918 0.608
0.8000 0.550
