0 0.380859 2066.0015 657.99976 2204.0017 899.99963
0 0.527832 -0.00018954277 622.00055 77.99981 715.0006
0 0.538086 1316.0011 820.9994 1630.0009 973.9994
0 0.551758 1465.9998 599.9994 1783.9996 879.0001
0 0.626953 2077.9998 756.0011 2371.9998 1042.0002
0 0.697266 2162.9985 781.99994 2537.9985 1049.9998
0 0.762695 837.001 1981.9993 1508.0027 2155.9993
0 0.855957 395.00003 598.00146 680.00024 832.0007
0 0.881836 2241.0007 916.0009 2664.0 1270.0012
0 0.890625 1372.0012 881.0014 1760.0027 1249.0005
0 0.902344 0.9999347 714.99884 215.00006 988.9992
0 0.909668 124.00014 639.9994 414.99994 920.0001
0 0.912109 1191.9994 986.0011 1650.0 1381.0004
0 0.918945 2208.002 1354.9994 2859.001 1850.0
0 0.925781 2246.0005 1658.9999 3096.0 2154.0005
0 0.932129 2022.0 1054.0012 2538.0 1473.0002
0 0.950684 994.00134 1327.9994 1692.0018 1854.0002
