0.9474 0.142
1.0000 0.190
0.9418 0.036
0.9474 0.092
1.0000 0.190
0.9976 0.143
0.9418 0.187
1.0000 0.217
0.9444 0.107
0.9475 0.196
0.9426 0.148
0.9475 0.417
0.8158 0.225
0.8472 0.250
0.9524 0.192
1.0000 0.207
1.0000 0.190
0.9069 0.086
0.9500 0.410
0.9048 0.123
1.0000 0.138
0.9500 0.143
1.0000 0.073
0.9524 0.075
0.9048 0.097
0.8974 0.117
0.8947 0.086
0.8947 0.127
0.9444 0.263
0.9500 0.125
0.9474 0.186
0.9500 0.056
0.9524 0.217
1.0000 0.337
1.0000 0.348
1.0000 0.206
0.9452 0.271
0.9501 0.309
0.9000 0.254
0.8696 0.336
0.9475 0.346
0.9048 0.176
0.8571 0.146
0.9000 0.269
0.9475 0.185
0.9446 0.176
0.9500 0.163
0.8095 0.101
0.8947 0.170
0.9000 0.143
0.9500 0.162
0.9000 0.119
0.7619 0.203
0.9500 0.328
0.8889 0.161
0.8421 0.190
0.9000 0.244
0.8421 0.215
0.9947 0.209
0.9048 0.244
0.9474 0.236
0.8947 0.345
0.9353 0.253
0.8333 0.291
0.8824 0.293
0.8947 0.214
0.8500 0.172
0.9048 0.245
0.9524 0.146
0.8571 0.173
0.8571 0.224
1.0000 0.218
0.8636 0.294
0.9524 0.111
1.0000 0.271
0.9524 0.276
0.9048 0.188
0.8571 0.392
0.9474 0.320
0.7500 0.306
0.8500 0.203
0.8947 0.277
0.9500 0.244
0.8947 0.284
1.0000 0.220
0.9474 0.179
0.8500 0.321
